50000 7
55000 7
60000 7
65000 6
70000 7
75000 8
80000 7
85000 6
90000 8
95000 6
100000 7
105000 7
110000 7
115000 6
120000 6
125000 7
130000 7
135000 7
140000 7
145000 7
150000 7
155000 7
160000 8
165000 8
170000 6
175000 8
180000 7
185000 7
190000 10
195000 7
200000 7
205000 7
210000 6
215000 7
220000 7
225000 7
230000 7
235000 7
240000 7
245000 7
250000 7
255000 7
260000 7
265000 9
270000 8
275000 8
280000 8
285000 7
290000 7
295000 7
300000 8
305000 8
310000 8
315000 7
320000 7
325000 8
330000 8
335000 8
340000 9
345000 7
350000 8
355000 8
360000 8
365000 8
370000 7
375000 7
380000 7
385000 8
390000 8
395000 6
400000 7
405000 7
410000 7
415000 8
420000 7
425000 8
430000 8
435000 6
440000 6
445000 8
450000 6
455000 6
460000 7
465000 8
470000 6
475000 7
480000 8
485000 6
490000 8
495000 6
500000 7
505000 7
510000 7
515000 7
520000 7
525000 7
530000 7
535000 8
540000 7
545000 7
550000 8
555000 8
560000 7
565000 9
570000 7
575000 7
580000 6
585000 8
590000 6
595000 10
600000 8
605000 7
610000 7
615000 8
620000 9
625000 6
630000 6
635000 7
640000 8
645000 7
650000 8
655000 7
660000 8
665000 8
670000 7
675000 6
680000 7
685000 6
690000 6
695000 7
700000 6
705000 7
710000 6
715000 7
720000 9
725000 7
730000 9
735000 7
740000 8
745000 7
750000 7
755000 7
760000 9
765000 7
770000 7
775000 8
780000 6
785000 7
790000 7
795000 6
800000 9
805000 7
810000 8
815000 7
820000 8
825000 7
830000 7
835000 10
840000 8
845000 7
850000 6
855000 9
860000 7
865000 6
870000 7
875000 7
880000 9
885000 7
890000 7
895000 7
900000 7
905000 8
910000 8
915000 7
920000 7
925000 7
930000 7
935000 6
940000 7
945000 7
950000 7
955000 8
960000 6
965000 7
970000 7
975000 7
980000 8
985000 8
990000 5
995000 6
1000000 7
