50000 3.49
55000 3.25
60000 3.405
65000 3.3
70000 3.24
75000 3.29
80000 3.245
85000 3.36
90000 3.475
95000 3.22
100000 3.365
105000 3.25
110000 3.36
115000 3.29
120000 3.16
125000 3.25
130000 3.275
135000 3.215
140000 3.205
145000 3.415
150000 3.255
155000 3.095
160000 3.35
165000 3.335
170000 3.34
175000 3.385
180000 3.245
185000 3.34
190000 3.21
195000 3.43
200000 3.155
205000 3.205
210000 3.29
215000 3.355
220000 3.285
225000 3.25
230000 3.385
235000 3.37
240000 3.305
245000 3.225
250000 3.31
255000 3.27
260000 3.365
265000 3.315
270000 3.255
275000 3.12
280000 3.255
285000 3.35
290000 3.15
295000 3.155
300000 3.23
305000 3.405
310000 3.285
315000 3.3
320000 3.28
325000 3.395
330000 3.35
335000 3.255
340000 3.145
345000 3.37
350000 3.35
355000 3.28
360000 3.28
365000 3.315
370000 3.23
375000 3.23
380000 3.25
385000 3.31
390000 3.58
395000 3.485
400000 3.535
405000 3.45
410000 3.49
415000 3.185
420000 3.285
425000 3.385
430000 3.315
435000 3.33
440000 3.415
445000 3.475
450000 3.4
455000 3.53
460000 3.58
465000 3.63
470000 3.6
475000 3.345
480000 3.305
485000 3.275
490000 3.585
495000 3.305
500000 3.34
505000 3.31
510000 3.345
515000 3.32
520000 3.39
525000 3.49
530000 3.38
535000 3.41
540000 3.435
545000 3.395
550000 3.37
555000 3.39
560000 3.46
565000 3.45
570000 3.465
575000 3.425
580000 3.47
585000 3.525
590000 3.4
595000 3.525
600000 3.395
605000 3.4
610000 3.275
615000 3.385
620000 3.54
625000 3.375
630000 3.315
635000 3.485
640000 3.32
645000 3.475
650000 3.24
655000 3.35
660000 3.465
665000 3.445
670000 3.365
675000 3.455
680000 3.53
685000 3.5
690000 3.585
695000 3.735
700000 3.59
705000 3.655
710000 3.67
715000 3.575
720000 3.745
725000 3.66
730000 3.615
735000 3.605
740000 3.495
745000 3.335
750000 3.385
755000 3.505
760000 3.515
765000 3.51
770000 3.5
775000 3.545
780000 3.45
785000 3.44
790000 3.455
795000 3.515
800000 3.55
805000 3.605
810000 3.405
815000 3.58
820000 3.555
825000 3.51
830000 3.595
835000 3.53
840000 3.53
845000 3.56
850000 3.57
855000 3.42
860000 3.47
865000 3.535
870000 3.455
875000 3.385
880000 3.395
885000 3.465
890000 3.465
895000 3.495
900000 3.515
905000 3.535
910000 3.46
915000 3.505
920000 3.385
925000 3.545
930000 3.51
935000 3.71
940000 3.54
945000 3.45
950000 3.665
955000 3.7
960000 3.655
965000 3.865
970000 3.525
975000 3.74
980000 3.82
985000 3.64
990000 3.7
995000 3.77
1000000 3.625
